125.98921203613281
125.62972259521484
125.19258880615234
124.7872085571289
124.73077392578125
124.44502258300781
124.06624603271484
123.93885040283203
123.75241088867188
123.30016326904297
122.97935485839844
122.41832733154297
122.26693725585938
120.88861083984375
119.75182342529297
119.35591888427734
119.25518035888672
118.25841522216797
117.66191101074219
117.4913558959961
116.57998657226562
115.50245666503906
113.44995880126953
112.822998046875
111.65131378173828
111.5003890991211
110.8842544555664
109.6575927734375
109.08029174804688
108.8563461303711
108.3660659790039
107.03968811035156
105.04732513427734
105.0142822265625
104.56454467773438
104.44232940673828
103.6990737915039
103.62920379638672
102.66626739501953
102.44345092773438
100.68424224853516
96.87481689453125
95.72879028320312
95.63582611083984
95.36202239990234
93.4509048461914
90.77880859375
86.8985595703125
84.81293487548828
83.80482482910156
82.24642181396484
74.81482696533203
73.75833892822266
72.09088897705078
71.471435546875
68.87484741210938
68.25192260742188
67.30316162109375
66.814453125
64.12712097167969
63.6640739440918
60.75922775268555
57.4670524597168
56.234004974365234
52.48365783691406
52.198890686035156
51.93519592285156
51.499183654785156
48.07646942138672
47.72003936767578
45.206111907958984
44.600006103515625
41.987586975097656
41.452510833740234
39.82064437866211
38.42662048339844
36.70908737182617
32.16255569458008
29.984302520751953
28.30202865600586
27.171022415161133
25.826210021972656
22.8983097076416
21.718990325927734
20.70530128479004
19.012014389038086
18.072450637817383
17.033620834350586
13.978789329528809
11.86808967590332
11.759102821350098
10.03298568725586
9.267525672912598
9.211224555969238
6.057147026062012
5.905697345733643
5.460928440093994
5.345870018005371
4.722542762756348
3.9594287872314453
