134.2657470703125
131.58937072753906
130.25173950195312
130.18527221679688
127.42932891845703
126.4556884765625
126.05644226074219
123.95366668701172
123.78890228271484
123.53887939453125
123.2686538696289
122.45260620117188
122.24311065673828
121.45684814453125
121.45183563232422
121.35382080078125
121.09231567382812
121.026611328125
120.9697265625
120.93156433105469
120.72781372070312
119.81300354003906
119.76934051513672
119.6475830078125
119.61367797851562
119.36772918701172
119.33092498779297
119.27131652832031
118.98187255859375
118.90646362304688
118.79763793945312
118.76850128173828
117.92010498046875
117.7608642578125
117.16923522949219
117.15184020996094
116.72897338867188
116.7206039428711
116.68718719482422
116.54248046875
116.52367401123047
116.14851379394531
116.09025573730469
115.97491455078125
115.96624755859375
115.86129760742188
115.67889404296875
115.2580795288086
115.24415588378906
114.94392395019531
114.88597106933594
114.68579864501953
114.63298797607422
114.52583312988281
114.45435333251953
114.37066650390625
113.97710418701172
113.9351577758789
113.93309020996094
113.8521728515625
113.78321838378906
113.51396179199219
113.22212219238281
113.16517639160156
113.14006042480469
112.87957000732422
112.78512573242188
112.50820922851562
112.50399780273438
112.49760437011719
112.45700073242188
112.30008697509766
112.2484359741211
111.98162841796875
111.43885803222656
111.20511627197266
110.96208190917969
110.16883087158203
110.10923767089844
110.05876159667969
109.8305892944336
109.76164245605469
109.4950942993164
109.3424301147461
108.98739624023438
108.97723388671875
108.8288803100586
108.63273620605469
108.11174774169922
108.09130859375
108.06734466552734
107.969482421875
107.5125961303711
107.08251190185547
106.41665649414062
105.87551879882812
105.42961120605469
105.29067993164062
104.24826049804688
104.11918640136719
104.08220672607422
104.07981872558594
103.64024353027344
103.57774353027344
102.90072631835938
102.32719421386719
102.27898406982422
100.99007415771484
100.4921875
99.56433868408203
98.50123596191406
98.4729232788086
98.42707824707031
97.93366241455078
97.73673248291016
97.49114990234375
97.41482543945312
97.17161560058594
96.85121154785156
96.77349090576172
95.32398986816406
95.09471130371094
91.25005340576172
91.09397888183594
90.61114501953125
90.36848449707031
89.87918853759766
88.43792724609375
88.27198028564453
87.70925903320312
87.31022644042969
85.89299011230469
85.82148742675781
85.5843505859375
84.00414276123047
83.02423095703125
82.47447967529297
81.45553588867188
81.36607360839844
81.14729309082031
80.36099243164062
80.17878723144531
79.63528442382812
79.44688415527344
78.05775451660156
76.7120361328125
74.89349365234375
74.7657241821289
74.52352905273438
74.05615234375
71.89592742919922
71.2545166015625
70.45875549316406
69.94087982177734
69.57223510742188
69.20405578613281
69.18345642089844
69.05616760253906
65.76526641845703
65.2649154663086
65.22920227050781
64.0469970703125
63.67316436767578
62.591346740722656
62.538272857666016
62.18022155761719
61.55757522583008
59.34791946411133
57.93032455444336
57.39004135131836
56.99595260620117
55.92976760864258
55.75931930541992
55.047969818115234
53.766510009765625
53.534950256347656
53.09171676635742
49.092254638671875
49.063350677490234
48.643131256103516
47.929473876953125
46.96822738647461
44.10270690917969
43.577754974365234
42.346370697021484
41.43913269042969
40.96073532104492
40.892784118652344
40.816749572753906
40.77088165283203
40.27687072753906
40.26625442504883
39.72652053833008
36.72464370727539
34.91679000854492
34.333431243896484
33.94157028198242
32.65794372558594
32.285945892333984
29.277544021606445
28.082979202270508
26.47115707397461
25.481412887573242
25.121694564819336
24.489492416381836
23.808931350708008
23.406145095825195
23.12934684753418
22.58205795288086
22.423818588256836
19.753969192504883
19.441631317138672
18.748308181762695
17.83753776550293
17.8259334564209
16.978727340698242
16.885875701904297
16.798494338989258
15.905519485473633
15.519856452941895
15.00163459777832
14.913025856018066
14.58553695678711
14.204377174377441
13.926767349243164
13.557270050048828
13.547124862670898
12.737016677856445
12.170839309692383
12.099506378173828
12.023109436035156
11.597063064575195
11.563068389892578
11.331828117370605
10.670425415039062
10.437972068786621
10.430506706237793
10.397897720336914
10.16976261138916
10.116836547851562
9.646130561828613
9.060232162475586
9.005117416381836
8.850576400756836
8.680431365966797
8.537033081054688
8.493694305419922
8.14241886138916
8.134008407592773
7.821480751037598
7.729128837585449
7.604108810424805
7.4273762702941895
6.674214839935303
6.571133136749268
5.765566825866699
5.26204776763916
5.140048027038574
3.063450574874878
