131.43263244628906
126.78203582763672
126.16011810302734
125.08456420898438
124.15723419189453
122.4452133178711
122.399169921875
122.24906158447266
121.9543685913086
121.56580352783203
121.10673522949219
120.76038360595703
120.66295623779297
120.66018676757812
120.31755828857422
120.2881851196289
119.91355895996094
119.87882232666016
119.75701904296875
119.54810333251953
119.449951171875
119.29638671875
119.22676086425781
118.65421295166016
118.5113754272461
118.5029296875
118.4871597290039
117.99662780761719
117.96823120117188
117.62937927246094
117.58619689941406
117.55690002441406
117.3587875366211
116.96479034423828
116.77347564697266
116.59771728515625
116.55767822265625
116.44905853271484
116.09869384765625
116.07048797607422
115.57860565185547
115.42854309082031
115.14274597167969
115.05122375488281
114.95768737792969
114.93099975585938
114.73541259765625
114.63908386230469
114.51465606689453
114.39865112304688
114.26151275634766
114.22859954833984
114.0008544921875
113.70451354980469
113.54847717285156
113.41328430175781
112.50696563720703
112.38768768310547
112.197021484375
112.0219955444336
111.77608489990234
111.73100280761719
111.65442657470703
111.60739135742188
111.59539794921875
111.21033477783203
110.86439514160156
110.85195922851562
110.8335952758789
110.15309143066406
109.80879974365234
109.60638427734375
109.57684326171875
109.38777923583984
108.74364471435547
108.18817901611328
107.80843353271484
107.34688568115234
107.11993408203125
106.99474334716797
106.55900573730469
106.5118408203125
105.97240447998047
104.8022232055664
104.47801971435547
104.45091247558594
104.00241088867188
103.02375793457031
103.02246856689453
101.66717529296875
101.25568389892578
100.52523040771484
99.81421661376953
99.6282730102539
99.40479278564453
98.66773223876953
97.6112060546875
97.33061218261719
96.85248565673828
95.46453094482422
95.17140197753906
94.43025207519531
94.19389343261719
93.5593032836914
93.21224212646484
92.81106567382812
92.77523040771484
92.29840087890625
91.75724792480469
91.25665283203125
91.24415588378906
90.73934173583984
90.73806762695312
90.4562759399414
90.37609100341797
90.1618423461914
90.09426879882812
89.76872253417969
89.44181823730469
88.88687896728516
87.92875671386719
86.37211608886719
86.04052734375
82.87545013427734
82.50563049316406
81.13172912597656
79.94002532958984
79.6587905883789
79.0855484008789
78.28877258300781
76.25804901123047
76.08548736572266
75.91934204101562
75.02494049072266
74.3798599243164
74.0072250366211
72.88597106933594
72.70508575439453
72.52606964111328
71.80369567871094
71.64573669433594
71.48944854736328
70.90594482421875
70.46186828613281
69.28768920898438
69.0703353881836
68.80329895019531
68.3190689086914
68.07284545898438
66.79515075683594
65.16297912597656
63.93937301635742
62.9179801940918
62.6609992980957
61.82544708251953
61.144676208496094
60.25337219238281
58.67300796508789
58.46658706665039
57.57509231567383
56.61923599243164
55.58417892456055
55.109981536865234
54.000213623046875
53.91074752807617
53.66575622558594
52.5294075012207
51.41196823120117
49.6660270690918
49.165164947509766
47.608680725097656
47.204307556152344
45.48712921142578
45.26046371459961
43.4703369140625
41.67209243774414
41.07524871826172
40.01564407348633
39.906707763671875
39.618446350097656
39.47330856323242
39.16293716430664
38.08502197265625
37.91524124145508
37.908775329589844
36.24939727783203
36.060218811035156
34.964317321777344
34.68825912475586
34.35565185546875
33.452030181884766
32.544960021972656
32.23356246948242
32.02720260620117
29.804359436035156
29.505165100097656
29.39779281616211
27.705839157104492
27.451982498168945
26.138948440551758
26.04181480407715
25.80095672607422
25.70261573791504
24.116453170776367
23.8995418548584
23.64052391052246
23.099876403808594
22.853654861450195
22.753860473632812
21.69044303894043
21.597028732299805
21.49725341796875
21.412443161010742
21.237661361694336
21.014266967773438
20.765241622924805
20.578454971313477
20.163288116455078
18.87087059020996
18.43125343322754
18.392436981201172
18.19169807434082
17.924854278564453
16.62272834777832
16.607778549194336
16.227279663085938
16.00428581237793
15.96988582611084
15.810808181762695
15.436054229736328
14.658095359802246
14.043621063232422
13.69768238067627
13.134312629699707
12.954676628112793
12.595955848693848
12.516823768615723
11.59195613861084
11.338068962097168
11.088922500610352
10.312407493591309
9.146729469299316
9.09861946105957
8.295136451721191
8.28513240814209
7.381327152252197
7.056909561157227
4.826789855957031
