134.70455932617188
129.47579956054688
128.27651977539062
124.80286407470703
123.67974090576172
121.85271453857422
121.74312591552734
120.7770767211914
118.46752166748047
118.27254486083984
117.27867889404297
116.32796478271484
115.8944320678711
114.54295349121094
114.52462768554688
114.32088470458984
112.2983627319336
112.27999114990234
111.85285949707031
111.5536880493164
110.86287689208984
110.13117980957031
109.38329315185547
107.71619415283203
107.43062591552734
106.69292449951172
106.5553207397461
105.97865295410156
105.67333221435547
103.19414520263672
103.18653106689453
103.14837646484375
102.42432403564453
102.41097259521484
100.74976348876953
99.75492858886719
99.39832305908203
98.9957046508789
97.17808532714844
97.10214233398438
97.04938507080078
96.77748107910156
96.76118469238281
95.7127456665039
95.23890686035156
94.97708892822266
94.77306365966797
93.53910827636719
93.51417541503906
92.35033416748047
92.15701293945312
90.56845092773438
90.47113800048828
88.12421417236328
88.12193298339844
87.3510513305664
79.66861724853516
78.28130340576172
75.1943588256836
73.66941833496094
70.99867248535156
69.93328094482422
68.0132064819336
64.80203247070312
63.50266647338867
61.20272445678711
56.2209358215332
55.14493179321289
41.29169845581055
39.96792221069336
37.73666000366211
37.20110321044922
36.4330940246582
35.54942321777344
34.09131622314453
33.537845611572266
32.392635345458984
32.359012603759766
30.279573440551758
28.83706283569336
27.066564559936523
23.785558700561523
23.54972267150879
22.48042869567871
22.395448684692383
21.719690322875977
20.583757400512695
20.42267417907715
19.38291358947754
16.68879508972168
14.589963912963867
12.437324523925781
11.59709358215332
10.688737869262695
6.3664751052856445
5.909571647644043
5.021831512451172
5.004161834716797
4.844444274902344
4.617311954498291
