124.3194808959961
124.2515640258789
123.75743103027344
123.71538543701172
123.6667709350586
123.6187515258789
123.6143569946289
123.54265594482422
123.45323944091797
123.2521743774414
123.08378601074219
122.86504364013672
122.587646484375
122.49040222167969
121.5826187133789
120.90737915039062
120.5510025024414
118.64099884033203
116.6819076538086
116.16199493408203
114.17475128173828
113.62779235839844
111.83177947998047
110.30419158935547
110.09396362304688
108.80716705322266
108.32889556884766
107.5252456665039
107.21430969238281
106.13497161865234
105.77545928955078
104.98950958251953
103.83319091796875
100.79505157470703
100.18167114257812
99.37400817871094
98.30988311767578
96.97338104248047
95.47356414794922
95.20201873779297
91.33145904541016
88.41006469726562
88.08268737792969
87.65258026123047
84.77565002441406
84.1203842163086
79.83367919921875
79.55359649658203
76.76534271240234
75.91181945800781
73.5410385131836
72.84455871582031
71.88350677490234
65.00424194335938
64.0447006225586
63.090538024902344
62.119468688964844
61.57299041748047
59.905723571777344
57.591976165771484
56.59728240966797
53.402549743652344
52.81822967529297
51.18876266479492
45.904361724853516
45.503013610839844
45.20408630371094
43.86129379272461
43.28963088989258
40.59332275390625
40.406558990478516
39.72791290283203
39.06004333496094
38.69580841064453
38.41852569580078
36.63738250732422
33.477622985839844
29.82423210144043
28.186752319335938
26.825172424316406
26.74455451965332
25.962526321411133
24.552894592285156
23.202960968017578
21.204561233520508
20.787899017333984
20.51387596130371
18.84147834777832
17.46691131591797
15.075189590454102
12.107989311218262
10.716442108154297
10.30527400970459
8.897440910339355
8.809504508972168
7.171025276184082
6.688512802124023
6.473673343658447
5.3206963539123535
4.771993160247803
