126.72630310058594
126.36795043945312
125.85763549804688
124.8060302734375
124.64991760253906
124.51705932617188
124.23379516601562
124.16433715820312
123.22320556640625
122.27995300292969
122.21453857421875
122.17736053466797
122.06520080566406
121.66304016113281
120.20074462890625
119.6068115234375
118.83856964111328
118.17233276367188
117.22840881347656
116.998046875
116.62855529785156
115.66622924804688
113.40452575683594
112.92082977294922
112.62803649902344
111.89970397949219
111.26213073730469
110.11026763916016
109.04593658447266
106.94490051269531
106.63026428222656
106.12567138671875
105.88662719726562
103.68199157714844
103.52214050292969
103.47172546386719
103.22601318359375
103.17800903320312
102.83989715576172
102.65675354003906
102.33027648925781
101.91084289550781
100.7252197265625
96.22251892089844
95.94901275634766
95.23328399658203
95.0584716796875
90.41288757324219
89.76031494140625
85.05522155761719
84.6114730834961
84.47299194335938
83.61084747314453
78.41059875488281
75.56436157226562
72.63139343261719
71.560302734375
70.558349609375
68.4935531616211
68.30226135253906
66.36390686035156
63.87701416015625
62.21742248535156
58.05722427368164
52.13808059692383
48.642616271972656
46.464088439941406
46.08797073364258
45.993770599365234
45.69599533081055
44.17892837524414
43.599613189697266
43.176151275634766
41.49416732788086
39.67034149169922
37.76127624511719
36.76642608642578
29.641328811645508
26.18564796447754
22.77561378479004
21.31707191467285
21.256196975708008
20.787080764770508
19.353012084960938
19.263551712036133
17.82127571105957
15.326098442077637
14.145159721374512
11.219528198242188
9.591307640075684
9.340092658996582
6.879337787628174
4.982067584991455
4.031451225280762
2.429500102996826
2.1375536918640137
1.99104905128479
1.9816362857818604
1.5264549255371094
1.1363978385925293
