124.50440216064453
123.83349609375
123.07754516601562
123.04792022705078
122.28845977783203
122.14078521728516
122.07141876220703
121.745361328125
121.71308898925781
121.4127426147461
120.91612243652344
120.62892150878906
120.3141860961914
120.07185363769531
119.96395874023438
119.3951416015625
118.99882507324219
118.4700698852539
118.0265884399414
117.88613891601562
117.8640365600586
117.57982635498047
116.88800048828125
115.87151336669922
115.55440521240234
114.18362426757812
113.358154296875
112.6400375366211
110.13710021972656
108.32347869873047
107.86571502685547
106.31952667236328
106.20243072509766
105.57776641845703
103.49983215332031
102.5977554321289
101.11873626708984
100.56354522705078
98.03620147705078
96.02669525146484
94.240234375
94.13768768310547
90.6700668334961
90.61205291748047
90.27921295166016
87.95796966552734
87.51605987548828
86.0520248413086
84.12911224365234
83.67435455322266
82.6983871459961
82.30461883544922
81.99075317382812
81.07815551757812
80.81468963623047
76.78934478759766
75.90705108642578
75.45862579345703
74.5889663696289
70.01044464111328
68.5949935913086
67.48698425292969
67.25336456298828
56.6312141418457
55.93576431274414
55.84563446044922
53.92398452758789
50.08211898803711
46.20751190185547
44.8181266784668
41.593101501464844
41.146541595458984
39.64189529418945
39.41446304321289
38.32027816772461
35.70697021484375
32.66454315185547
32.465171813964844
31.07576560974121
29.839252471923828
27.538190841674805
26.89713478088379
26.640472412109375
26.556934356689453
25.688508987426758
23.772146224975586
23.41998863220215
23.369218826293945
21.469377517700195
18.596542358398438
18.521203994750977
18.507488250732422
17.329805374145508
14.18832778930664
12.034457206726074
10.04008960723877
9.988436698913574
9.142388343811035
7.612574100494385
4.893009662628174
