122.76464080810547
122.72835540771484
122.69551086425781
122.67752075195312
122.61611938476562
122.61114501953125
122.59390258789062
122.57677459716797
122.52816772460938
122.52360534667969
122.44698333740234
122.38511657714844
122.34980773925781
122.32837677001953
122.28968811035156
122.23133850097656
122.1700439453125
122.16319274902344
122.1548080444336
121.91608428955078
121.91058349609375
121.83528137207031
121.81456756591797
121.81327819824219
121.78138732910156
121.77002716064453
121.71946716308594
121.50482177734375
121.33930969238281
121.29350280761719
121.26859283447266
121.2238540649414
120.65167999267578
120.63386535644531
120.56366729736328
120.50115203857422
120.49935913085938
120.4487533569336
120.3606948852539
120.29489135742188
120.2696762084961
120.2125244140625
120.13336944580078
119.94758605957031
119.90475463867188
119.88662719726562
119.86195373535156
119.85276794433594
119.82272338867188
119.76216125488281
119.74871063232422
119.71177673339844
119.49385070800781
119.38277435302734
119.35392761230469
119.16033172607422
119.02268981933594
118.91936492919922
118.90800476074219
118.84526062011719
118.83335876464844
118.78595733642578
118.68293762207031
118.63105773925781
118.56259155273438
118.54898071289062
118.54472351074219
118.34333801269531
118.08280944824219
118.03390502929688
117.76814270019531
117.75421142578125
117.7158203125
117.7008285522461
117.67808532714844
117.59370422363281
117.47540283203125
117.28399658203125
117.23596954345703
117.0806884765625
116.68739318847656
116.40723419189453
116.37403106689453
116.18772888183594
115.90476989746094
114.7573471069336
114.63223266601562
114.34390258789062
114.21856689453125
114.15519714355469
113.82952117919922
113.470947265625
113.2550048828125
113.24111938476562
113.22288513183594
112.48220825195312
112.27046203613281
111.6881103515625
111.67472839355469
110.9895248413086
110.78780364990234
110.30390167236328
110.1539077758789
109.55862426757812
109.15838623046875
109.09048461914062
108.66753387451172
108.30642700195312
108.18045043945312
106.67488098144531
106.14276123046875
104.94955444335938
103.5406494140625
103.32142639160156
103.23088073730469
102.79352569580078
102.59222412109375
102.41484069824219
102.38623046875
101.26301574707031
101.19156646728516
101.15214538574219
100.44834899902344
98.22177124023438
97.85891723632812
97.79360961914062
95.9315185546875
95.82954406738281
94.29522705078125
93.11307525634766
92.52400970458984
92.42251586914062
91.67925262451172
91.544189453125
90.41902160644531
88.9114761352539
88.21365356445312
87.8834228515625
87.49937438964844
87.49606323242188
86.65512084960938
86.55938720703125
86.51753234863281
85.24851989746094
84.7463150024414
83.4714584350586
82.96488952636719
81.7916259765625
80.54579162597656
77.7545394897461
77.55145263671875
74.36726379394531
73.31513977050781
73.05451202392578
72.30696105957031
71.3851318359375
71.11993408203125
67.56776428222656
67.3847427368164
65.69236755371094
64.56709289550781
64.47457885742188
62.89179229736328
62.808597564697266
62.62721252441406
61.61371612548828
61.095680236816406
59.27250671386719
57.92700958251953
57.73954772949219
56.32158660888672
56.22294235229492
56.0109748840332
55.762718200683594
55.58928680419922
55.440269470214844
54.012054443359375
49.528350830078125
49.449092864990234
48.72670364379883
48.03103256225586
45.707252502441406
45.61433410644531
45.37724304199219
44.086605072021484
42.962249755859375
42.55839538574219
42.460391998291016
42.29558181762695
41.47159194946289
40.671180725097656
38.89453125
38.28553771972656
37.740699768066406
36.33599853515625
36.333961486816406
34.067771911621094
33.783206939697266
32.31633758544922
31.951557159423828
29.713457107543945
29.124094009399414
26.44379997253418
26.003496170043945
25.028940200805664
24.381006240844727
23.711225509643555
22.865262985229492
21.660282135009766
21.22508430480957
20.414283752441406
19.578035354614258
19.548738479614258
19.081132888793945
19.05168914794922
18.621606826782227
18.495820999145508
17.717836380004883
16.532093048095703
16.38150978088379
16.23919677734375
15.182490348815918
15.032657623291016
14.516521453857422
14.325444221496582
14.318376541137695
13.560647010803223
13.36558723449707
13.246561050415039
13.149696350097656
13.105684280395508
12.902273178100586
12.29092788696289
12.10081672668457
12.00617504119873
11.422231674194336
11.151124954223633
11.141105651855469
11.125736236572266
10.960546493530273
10.841184616088867
10.614227294921875
10.48558521270752
10.419208526611328
10.266473770141602
9.92175006866455
9.712388038635254
9.624195098876953
9.53874397277832
9.53305435180664
9.235982894897461
9.04633903503418
8.187203407287598
7.768527030944824
7.43093729019165
7.164147853851318
6.715112686157227
5.741593360900879
4.816544055938721
