135.69386291503906
130.48040771484375
128.92835998535156
126.98810577392578
126.31840515136719
124.63689422607422
124.05619812011719
123.66620635986328
123.54830932617188
123.42916107177734
123.34780883789062
122.66436767578125
122.6220474243164
121.54598236083984
121.54054260253906
121.53843688964844
121.498291015625
121.3205337524414
120.75995635986328
120.71762084960938
120.41465759277344
120.314697265625
120.10579681396484
119.9994125366211
119.5809326171875
118.36951446533203
117.91288757324219
117.42571258544922
117.09233093261719
116.9236068725586
116.75212860107422
116.61731719970703
116.27554321289062
116.05492401123047
116.00648498535156
115.86630249023438
115.63785552978516
115.55870056152344
115.19364929199219
115.08675384521484
115.08126831054688
114.90167999267578
114.44404602050781
114.23574829101562
114.17234802246094
114.06317901611328
113.49246215820312
113.18505096435547
112.85990905761719
112.81761932373047
112.7288818359375
112.25157928466797
112.12593078613281
111.9590835571289
111.74675750732422
111.50847625732422
111.29358673095703
110.92886352539062
110.71817016601562
110.71650695800781
110.66593933105469
110.35823059082031
110.33760833740234
110.26373291015625
110.1707763671875
109.96002960205078
109.41112518310547
109.29326629638672
109.20970153808594
109.18093872070312
109.15514373779297
109.02918243408203
108.20960998535156
108.18588256835938
107.05172729492188
106.9345474243164
106.8101577758789
106.32181549072266
106.01304626464844
105.97575378417969
105.95746612548828
105.53250122070312
105.06644439697266
105.03669738769531
104.92205810546875
104.10973358154297
103.74437713623047
103.15740966796875
103.09123992919922
102.72791290283203
102.29734802246094
102.2795639038086
102.03192138671875
102.01431274414062
101.8165283203125
100.91307067871094
100.62816619873047
99.99190521240234
99.63688659667969
99.58358764648438
99.54825592041016
98.80950164794922
98.66444396972656
98.43958282470703
98.35205078125
96.59219360351562
96.28218841552734
96.11898803710938
95.4349594116211
94.60697174072266
94.24140167236328
94.22345733642578
93.40873718261719
93.14817810058594
93.09666442871094
93.00106048583984
92.2278823852539
92.13059997558594
89.7556381225586
89.26874542236328
88.65486907958984
88.22126007080078
87.43091583251953
87.06268310546875
87.05523681640625
86.9327163696289
86.52253723144531
86.52118682861328
85.01029205322266
84.84233093261719
83.23956298828125
81.865966796875
80.91719055175781
80.40780639648438
80.157470703125
79.85479736328125
79.72235107421875
79.46546936035156
77.44847869873047
77.39298248291016
76.45450592041016
75.8441390991211
75.55243682861328
73.68770599365234
73.6330795288086
73.14104461669922
72.77021026611328
71.75062561035156
71.40076446533203
71.09281921386719
68.43367004394531
66.23834991455078
64.90109252929688
64.53748321533203
64.49411010742188
64.29542541503906
63.01151657104492
60.0371208190918
59.25047302246094
58.75160217285156
58.145328521728516
57.27955627441406
56.65058898925781
56.08073425292969
54.7916259765625
54.13591003417969
53.59248352050781
51.6790885925293
51.66954040527344
51.05244064331055
50.93034362792969
50.89389419555664
50.677730560302734
48.9536247253418
48.600711822509766
47.64311981201172
46.7507209777832
46.07168197631836
45.22052001953125
45.213287353515625
42.58871841430664
42.1880989074707
41.170013427734375
39.22435760498047
38.73112487792969
38.225921630859375
37.20556640625
37.14133834838867
36.033660888671875
35.336978912353516
34.36998748779297
32.626182556152344
32.24379348754883
32.13325500488281
31.325782775878906
30.415224075317383
30.307960510253906
30.092641830444336
27.153045654296875
27.068012237548828
23.905454635620117
22.52782440185547
22.471935272216797
21.964927673339844
21.852218627929688
21.690088272094727
20.828067779541016
19.338459014892578
18.610597610473633
18.37643051147461
17.30892562866211
16.59786033630371
15.462377548217773
14.760982513427734
14.696807861328125
14.690225601196289
13.89632511138916
13.7821683883667
13.507426261901855
12.954080581665039
12.640987396240234
12.539349555969238
12.530328750610352
12.277018547058105
12.250782012939453
12.150728225708008
12.14905071258545
11.47067642211914
11.160943031311035
10.972635269165039
10.857904434204102
10.404550552368164
10.000198364257812
9.9160795211792
9.831765174865723
9.698708534240723
8.828043937683105
8.611452102661133
8.147513389587402
7.481589317321777
7.425372123718262
7.337345600128174
7.317321300506592
6.890565395355225
6.563520431518555
6.355444431304932
6.031904220581055
5.831785202026367
5.763283729553223
5.761324882507324
5.051630973815918
4.700315952301025
4.563939571380615
4.013768672943115
3.8152883052825928
3.780949115753174
3.4604973793029785
3.0194802284240723
2.512265920639038
