125
125
125
125
125
125
125
125
125
125
125
125
125
125
125
125
125
125
125
125
125
125
125
125
125
125
125
125
125
125
125
125
125
125
125
125
125
125
125
125
125
125
125
125
125
125
125
125
125
125
125
125
125
125
125
125
125
124
123
122
122
122
121
121
121
121
121
120
120
116
115
115
112
111
111
110
108
108
108
107
106
106
106
106
106
104
103
103
103
101
101
101
100
99
99
98
98
98
97
97
97
97
97
96
95
94
93
92
91
91
90
89
88
88
88
87
86
86
86
85
85
84
83
83
83
82
82
81
81
80
80
79
79
79
79
78
78
78
77
75
75
74
73
73
73
73
73
68
68
68
67
67
67
63
62
61
61
59
57
56
56
56
55
55
54
53
53
52
52
51
51
50
49
48
48
48
47
47
44
43
43
43
42
41
39
39
39
38
37
37
37
36
36
35
35
34
32
31
30
27
26
23
23
23
22
21
19
18
18
17
17
17
16
15
15
15
15
15
14
14
14
14
14
14
13
13
13
13
12
12
12
11
11
11
11
11
11
10
10
10
9
9
9
9
9
8
8
8
8
8
8
7
7
7
6
6
6
6
6
