129.6988983154297
127.10761260986328
126.34526824951172
126.11029052734375
125.41680908203125
124.00653076171875
123.92266082763672
123.86061096191406
122.38088989257812
121.96979522705078
121.1783218383789
120.47795104980469
120.18293762207031
119.673828125
119.62933349609375
118.54513549804688
118.35022735595703
118.33869171142578
117.22576904296875
116.28751373291016
115.8839111328125
115.78219604492188
114.83325958251953
114.03202056884766
111.18396759033203
110.54947662353516
108.84947204589844
107.99739074707031
106.20602416992188
105.99600982666016
104.46197509765625
103.86788940429688
103.42212677001953
103.38919830322266
103.00347137451172
100.27237701416016
100.05904388427734
99.62396240234375
99.50240325927734
98.3788070678711
97.32984161376953
96.0152587890625
93.52618408203125
90.9845199584961
90.75067901611328
88.07630157470703
87.85155487060547
86.96671295166016
80.56391143798828
79.89192962646484
79.7713623046875
79.54623413085938
78.3735580444336
78.1182861328125
77.32660675048828
76.1745376586914
75.56002807617188
73.79825592041016
73.5454330444336
72.54882049560547
72.05858612060547
69.4655990600586
66.12440490722656
62.154476165771484
60.74200439453125
56.560855865478516
51.8236198425293
48.049068450927734
43.66299819946289
41.44906997680664
38.95839309692383
36.52900695800781
36.09646224975586
33.99436950683594
32.54222869873047
32.201820373535156
31.356897354125977
29.763328552246094
29.222625732421875
27.03484535217285
25.628786087036133
25.61420249938965
24.672693252563477
24.03177833557129
23.93442726135254
23.349227905273438
19.594154357910156
17.744029998779297
17.296123504638672
17.058547973632812
16.416872024536133
14.967645645141602
14.937623023986816
11.614419937133789
8.78570556640625
7.929895401000977
6.939877510070801
5.966788291931152
4.834738731384277
3.5876615047454834
