124.75856018066406
124.6453857421875
124.51180267333984
124.46790313720703
124.43984985351562
124.42231750488281
124.41643524169922
124.36883544921875
124.33775329589844
124.3215560913086
124.31065368652344
124.28752899169922
124.25581359863281
124.25432586669922
124.23677062988281
124.2177963256836
124.21778106689453
124.10385131835938
124.07200622558594
124.05517578125
124.0125961303711
123.99983215332031
123.99739074707031
123.98480224609375
123.94186401367188
123.93623352050781
123.93482971191406
123.91089630126953
123.90220642089844
123.89085388183594
123.88914489746094
123.8337173461914
123.81954956054688
123.81706237792969
123.80835723876953
123.80354309082031
123.77357482910156
123.77122497558594
123.74604797363281
123.73828125
123.66851806640625
123.6345443725586
123.62120056152344
123.60706329345703
123.57553100585938
123.54417419433594
123.52264404296875
123.50043487548828
123.4696273803711
123.45382690429688
123.44512939453125
123.42530059814453
123.4149169921875
123.34819793701172
123.32400512695312
123.31139373779297
123.30516815185547
123.21478271484375
123.17373657226562
123.1187744140625
123.0892333984375
123.02310180664062
122.95587921142578
122.94723510742188
122.93255615234375
122.71520233154297
122.63911437988281
122.62481689453125
122.62222290039062
122.57367706298828
122.53126525878906
122.36788177490234
122.34811401367188
122.33831787109375
122.24028778076172
122.21946716308594
122.06956481933594
122.03426361083984
121.87562561035156
121.84869384765625
121.67555236816406
121.53604888916016
121.43950653076172
121.32426452636719
120.83673858642578
120.67063903808594
120.29330444335938
120.13126373291016
120.03601837158203
119.83369445800781
119.72029113769531
119.6199951171875
119.28018188476562
119.08670806884766
119.02499389648438
118.57622528076172
118.03038024902344
117.98792266845703
117.98690795898438
117.86708068847656
117.45585632324219
117.05137634277344
115.83816528320312
115.73696899414062
115.46244049072266
114.245361328125
114.167724609375
113.73709869384766
113.28141784667969
113.27587127685547
112.74095153808594
112.63102722167969
111.96598052978516
111.61764526367188
111.02261352539062
110.58324432373047
110.35833740234375
108.44113159179688
108.26675415039062
108.19298553466797
107.94786071777344
107.46098327636719
107.25025177001953
106.55830383300781
104.36750793457031
101.75837707519531
101.5052490234375
100.3538818359375
98.54238891601562
97.86686706542969
95.22129821777344
91.32136535644531
90.48580932617188
90.35989379882812
88.22120666503906
87.58648681640625
87.55154418945312
87.27369689941406
87.13307189941406
86.34920501708984
85.95594787597656
85.60092163085938
83.93792724609375
83.57975769042969
81.42031860351562
81.05654907226562
80.61304473876953
79.63074493408203
79.20538330078125
79.148681640625
78.42950439453125
78.42552185058594
76.24951171875
74.72987365722656
73.57719421386719
73.05455780029297
71.44197082519531
71.322998046875
70.66349029541016
69.37298583984375
67.49217224121094
66.757080078125
65.4552993774414
64.2306900024414
63.72519302368164
62.43183135986328
60.56007766723633
58.02852249145508
56.700252532958984
54.35952377319336
54.136207580566406
52.31657409667969
50.4578971862793
49.50328063964844
48.80815887451172
47.978363037109375
47.82672882080078
47.74404525756836
45.38312530517578
44.7280158996582
42.62301254272461
42.5373420715332
42.421180725097656
41.94443893432617
41.702659606933594
41.27972412109375
40.91361618041992
40.67452621459961
40.07594299316406
40.002838134765625
39.090545654296875
39.06422805786133
38.84112548828125
38.59536361694336
36.157440185546875
35.87873840332031
35.032386779785156
32.54066467285156
31.612947463989258
30.54328727722168
29.928993225097656
29.27607536315918
29.14366340637207
28.78120994567871
27.24187660217285
26.74598503112793
26.68058967590332
26.1682071685791
24.358211517333984
24.2386531829834
24.176420211791992
23.894989013671875
23.544633865356445
23.319992065429688
23.1033878326416
22.33518409729004
22.2213191986084
21.94260025024414
21.68745994567871
21.224903106689453
20.197893142700195
19.753828048706055
19.007246017456055
18.907209396362305
18.584745407104492
18.036043167114258
17.730552673339844
17.548036575317383
17.3310604095459
16.923343658447266
16.817394256591797
16.12769317626953
15.77059268951416
15.604602813720703
15.389244079589844
14.039053916931152
13.72500228881836
13.60720443725586
13.033087730407715
12.641149520874023
12.288047790527344
11.340744018554688
11.217198371887207
11.09122085571289
10.080253601074219
9.261650085449219
8.521175384521484
7.131291389465332
