145.80978393554688
141.5974884033203
141.55572509765625
135.26547241210938
134.74179077148438
133.67822265625
133.50228881835938
133.29226684570312
132.94625854492188
132.53805541992188
132.22525024414062
132.1370391845703
131.99905395507812
131.9578094482422
131.6479949951172
131.5896759033203
130.5576629638672
130.389404296875
130.38308715820312
130.2969512939453
130.277587890625
130.25350952148438
130.2197723388672
130.03414916992188
129.88751220703125
129.69482421875
129.595703125
129.48553466796875
129.43743896484375
129.36024475097656
129.24575805664062
128.976806640625
128.8544921875
128.83401489257812
128.4962921142578
128.4640655517578
128.4307403564453
128.40235900878906
128.28335571289062
128.11996459960938
127.85520935058594
127.81961059570312
127.72137451171875
127.44145202636719
127.26170349121094
127.26028442382812
127.08629608154297
126.8278579711914
126.33869934082031
126.32647705078125
125.9434585571289
125.92037200927734
125.9129867553711
125.89817810058594
125.87981414794922
125.78864288330078
125.74107360839844
125.71827697753906
125.692138671875
125.67457580566406
125.3648681640625
125.09666442871094
124.91510009765625
124.89143371582031
124.53179931640625
124.44880676269531
124.16134643554688
123.74754333496094
123.25914001464844
123.11027526855469
122.23282623291016
122.05772399902344
121.99445343017578
121.6650161743164
121.47017669677734
120.41325378417969
120.19593811035156
119.70941162109375
119.7001953125
119.62057495117188
119.51941680908203
119.02801513671875
118.91292572021484
118.52357482910156
118.47340393066406
117.17626190185547
116.95853424072266
116.87883758544922
116.87226867675781
116.08769989013672
115.716064453125
115.046630859375
114.97822570800781
114.83814239501953
113.4522933959961
112.88858795166016
112.82196044921875
112.65934753417969
112.59828186035156
112.1837158203125
112.12007141113281
111.70584869384766
111.54348754882812
110.96812438964844
110.54585266113281
110.527587890625
110.37043762207031
109.44599914550781
109.34645080566406
109.2468032836914
108.83656311035156
108.81842041015625
108.59632873535156
108.52840423583984
107.70645141601562
106.67391967773438
105.99811553955078
105.44651794433594
103.95999145507812
103.89927673339844
103.7186508178711
103.70002746582031
102.97313690185547
102.93257141113281
102.923583984375
102.80709075927734
100.15248107910156
99.78502655029297
98.54582214355469
96.65917205810547
96.5941390991211
96.58981323242188
95.98191833496094
93.09060668945312
93.07988739013672
91.82512664794922
90.37063598632812
90.08952331542969
87.90791320800781
87.89820861816406
87.01844787597656
86.50735473632812
83.80685424804688
82.2835693359375
82.11187744140625
81.61993408203125
81.61251831054688
81.01718139648438
80.21121215820312
79.54196166992188
78.94847106933594
77.78106689453125
75.25160217285156
74.52903747558594
74.2231216430664
73.732177734375
72.86738586425781
71.03323364257812
70.29243469238281
70.28557586669922
67.32756805419922
67.14561462402344
66.89959716796875
65.50804138183594
60.6155891418457
57.61470031738281
56.302555084228516
55.327110290527344
53.27716827392578
50.90737533569336
49.13408279418945
48.268211364746094
43.75422286987305
42.86483383178711
42.72701644897461
42.577884674072266
42.3809700012207
42.36295700073242
39.233699798583984
37.37974166870117
37.195152282714844
36.97872543334961
36.68315505981445
36.425045013427734
35.408348083496094
35.14737319946289
35.09523391723633
34.774044036865234
33.38410568237305
32.46366500854492
32.16984939575195
30.50995635986328
29.073314666748047
28.865825653076172
27.878742218017578
27.00261688232422
26.941757202148438
26.784915924072266
26.643962860107422
25.628028869628906
25.558456420898438
25.495895385742188
24.406757354736328
22.808849334716797
21.91506576538086
21.40465545654297
21.26311492919922
21.238147735595703
20.738597869873047
20.45022201538086
19.16329574584961
18.647563934326172
17.998371124267578
17.565288543701172
16.917404174804688
16.048728942871094
15.983558654785156
15.972464561462402
14.684136390686035
14.53970718383789
14.463239669799805
14.397900581359863
14.263574600219727
13.93847370147705
13.899609565734863
13.821393013000488
13.071630477905273
13.035075187683105
12.975299835205078
12.162041664123535
12.047240257263184
11.962159156799316
10.990675926208496
10.807764053344727
10.708882331848145
10.013066291809082
9.577289581298828
9.05805778503418
8.766584396362305
8.3495454788208
8.137950897216797
7.420749664306641
7.196643829345703
6.805021286010742
5.558704376220703
4.431713104248047
4.405336380004883
1.7727807760238647
