125
125
125
125
125
125
125
125
125
125
125
125
125
125
125
125
125
125
125
125
125
125
125
125
125
125
125
125
125
125
125
125
125
125
125
125
125
125
125
125
125
125
125
125
125
125
125
125
125
125
125
125
125
125
125
125
125
125
125
125
125
125
125
125
125
125
125
124
124
123
122
120
120
120
119
118
118
116
116
116
115
114
113
112
111
110
109
109
109
108
108
107
107
106
105
105
104
104
103
101
100
100
99
98
98
97
97
96
96
96
95
94
94
92
92
91
91
89
89
89
89
88
88
88
88
87
86
86
86
85
84
83
82
82
81
78
78
76
76
76
75
75
75
74
73
73
73
72
71
71
71
70
68
67
66
66
64
60
59
59
59
58
57
56
56
56
53
51
50
46
46
46
46
45
43
42
41
41
41
39
39
39
37
37
36
36
36
35
34
34
33
33
33
32
31
30
26
26
25
24
24
24
23
23
22
22
22
22
18
18
17
16
15
15
15
15
14
14
14
14
13
13
13
13
12
12
12
12
12
12
11
11
11
11
10
10
10
10
9
8
8
8
7
7
7
7
6
6
